2.233283054628158570e+00
3.188498282282061780e+00
3.232417913813474097e+00
4.338443736463164946e+00
6.319319607433802055e+00
7.535750431549946171e+00
7.456239736994261236e+00
6.634872637089449299e+00
5.330086007582257146e+00
3.088059076096375755e+00
2.827819880553409160e+00
2.249729648253406822e+00
1.656447992449680440e+00
4.130086282841681222e-01
-1.193034542073787563e+00
-3.129933569992191966e+00
-4.177572466930265627e+00
-5.406466238207888075e+00
-5.421888989504321188e+00
-6.594200092260463997e+00
-7.591005121950169965e+00
-5.276943516010283552e+00
-2.785303695357226772e+00
-3.631092655273217007e-01
2.575038275011808153e+00
4.490238739495031162e+00
6.155915540161314148e+00
7.390409136970562898e+00
8.628395586363277303e+00
9.349060058158167763e+00
9.978969398281051895e+00
1.094592294697283386e+01
1.214579207840655073e+01
1.377870868843383967e+01
1.260015985157491158e+01
1.004737287776310062e+01
6.463462213331445660e+00
5.319231542235090870e+00
3.854969009612117858e+00
9.857760209165161713e-01
-9.006179861025260802e-01
-1.721456518512888945e+00
-2.568013638976882174e+00
-3.245425967475864759e+00
-2.794438118564917417e+00
-2.875091203047644761e+00
-2.024340728133847467e+00
-1.303786165329885227e+00
-9.400847585530158756e-01
-7.945788908640897263e-01
1.233859497362305824e+00
3.979016142434716574e+00
6.334590734248467747e+00
8.766487275504022847e+00
1.218049282575377745e+01
1.329881708730375856e+01
1.398508064533788087e+01
1.556737676447156105e+01
1.636318496474865825e+01
1.631226474354671296e+01
1.408876571848810677e+01
1.337723921882618328e+01
1.176979493669588450e+01
1.115343321052651149e+01
1.032525962634348282e+01
8.836431891320376764e+00
7.865950122270655598e+00
6.158912168644580021e+00
3.929705989135801936e+00
2.061564109742379358e+00
-1.129715981341502973e+00
-3.830823259450621077e+00
-5.292295364812208192e+00
-6.544755957512851552e+00
-6.537340827366514340e+00
-6.228088568173554940e+00
-4.753095716240103741e+00
-2.356555808775989025e+00
-1.158657475860454422e+00
7.659560313544895305e-01
4.659751555238155873e+00
8.274755894777859666e+00
1.206768289524476501e+01
1.417059355584215652e+01
1.667408753584412651e+01
1.884937578087289367e+01
1.904497268669052801e+01
1.800667330578203718e+01
1.789255813749547031e+01
1.599513873086121230e+01
1.285301670519701389e+01
7.265730507883496614e+00
3.757283575402400544e+00
1.307950265887804164e+00
-9.302246524677821871e-01
-4.540916341752989638e+00
-6.873687287390974454e+00
-9.325314351573803506e+00
-1.021001856092835602e+01
-1.103418709549266374e+01
-1.114667666366021415e+01
-1.048892432044860534e+01
-9.383486318397405768e+00
-9.410918860504116523e+00
-9.434729177229629116e+00
-9.372884120961025189e+00
-9.839635375100350245e+00
-9.637160634607941034e+00
-7.857357099377775711e+00
-6.210852921713342134e+00
-2.929681886457323525e+00
-6.984169847220087490e-01
4.451847407350877361e-01
1.775910874493547009e+00
8.405287063894462118e-01
2.018509602066112851e+00
3.383662877905002198e+00
4.246087502944440928e+00
3.930788961536695325e+00
2.490851673026965862e+00
3.753615898335078249e+00
4.462873044376699738e+00
3.770352322066080397e+00
2.023539296413361388e+00
7.340333082716882229e-01
6.556861865631735675e-01
-2.757661253115957223e-01
-4.887300489233245004e-01
4.196305015786303549e-01
2.297402103296225739e+00
2.325060609434232095e+00
2.327488277977215247e+00
2.384593036921392795e+00
1.085799753342821194e+00
-6.226659537824164037e-02
-1.465445523596002442e+00
-2.276378370829564624e+00
-1.855617932122427760e+00
-2.964859847712656649e+00
-3.065330125401797279e+00
-3.489809734894234516e+00
-3.648428868713245343e+00
-2.339833333862149090e+00
-1.780602455976210807e+00
-2.645551598653190339e+00
-3.613200783870400556e+00
-3.296097970238833774e+00
-2.171259991855546190e+00
-1.293977954164036159e+00
1.433633864978795192e+00
1.940089649328110788e+00
1.242607177920607375e+00
1.927267097579106858e+00
2.019209861021121988e+00
2.399886186895910711e+00
2.610108099480968669e+00
3.134075162717549823e+00
2.269529805711753667e+00
1.337434678183852199e+00
1.502831189098720932e+00
1.187384243318408306e+00
1.476033184357904648e+00
1.952421982885883533e+00
3.348389775069837704e+00
4.327479783688591652e+00
5.507336312682805435e+00
5.922508655877472883e+00
5.336659040357976558e+00
3.501553728471582527e+00
1.930086944035367846e+00
5.482725761243923968e-01
1.190287911841470536e-01
-1.395270500351233345e-01
-1.995299118724043419e+00
-3.768727482354013336e+00
-2.739080594688049430e+00
-1.267865511089837582e+00
-5.057065749777747143e-01
1.932126600732509414e-01
5.662893285485456896e-02
1.571820158807191392e+00
3.793452977674872439e+00
4.711479583617730782e+00
4.690882044827571207e+00
4.891139365476585787e+00
5.324001900960874778e+00
5.265894962926124023e+00
4.300034997655292734e+00
4.151215965750410852e+00
2.869013470436780455e+00
2.635865362078605223e+00
2.218993240426609503e+00
2.398066697407097436e+00
7.357577104154997549e-01
-2.036063664521776673e-01
-2.478584072136400529e+00
-3.806634589748723041e+00
-4.161486750477029872e+00
-5.178328030368581913e+00
-5.235202075120982457e+00
-4.389607748428775658e+00
-3.802193913129000791e+00
-3.636585727314473271e+00
-2.885553849234219648e+00
-1.232352083758797789e+00
3.222094318649305067e-01
1.574283444941369181e+00
4.367357726079030833e+00
6.213374401579807582e+00
6.591533109325143691e+00
5.732862052674743580e+00
4.991867264965236473e+00
3.158148733421439758e+00
2.835870476650765415e+00
2.520881317522698950e+00
2.133105694292558585e+00
2.966128704502441149e+00
4.558944724903896351e+00
6.131241296512092376e+00
6.459669197901011017e+00
7.607771959910533788e+00
8.419524634985847911e+00
7.294822005588621927e+00
6.436435420633400462e+00
6.343568775845863428e+00
4.760055851414087158e+00
3.626749237302956175e+00
2.950175904350342382e+00
1.989375093902832958e+00
-1.111041865495524972e+00
-2.922189457161745274e+00
-3.605100972568079598e+00
-5.062807178959878307e+00
-5.554915391410996328e+00
-5.673173585374453154e+00
-6.579440283595745953e+00
-6.924382522365320369e+00
-7.660562085561230639e+00
-7.527930219575564408e+00
-7.626314470523060329e+00
-7.368210387283423479e+00
-5.046338850849563684e+00
-3.369786584510397365e+00
-1.805893395142955660e+00
-1.019687799578522513e+00
-8.215354438648495572e-01
-1.841718290390214507e+00
-2.203714470556996652e+00
-1.938575262474372174e+00
-1.845582144826137139e+00
-2.000528047371046281e+00
-5.442120145488815730e-02
-5.272284575807295592e-01
-2.363781665586293990e+00
-1.693116958022291341e+00
-3.313186892959161245e+00
-4.429660757619299893e+00
-4.717035145863285983e+00
-4.837085581553189684e+00
-3.743743184646977085e+00
-3.942594518887187593e+00
-3.940011737556273097e+00
-3.432038587498809967e+00
-1.878917035850115713e+00
-1.866072411643712625e+00
-2.612996690055944260e-01
8.461219742717901449e-01
2.909394689246978416e+00
3.186100322992282852e+00
3.004090285725122378e+00
2.314281792033254792e+00
2.719054216872406560e+00
2.784869774900817330e+00
2.125691364440612574e+00
1.117506756643688703e+00
8.663207406756845419e-02
7.905880748985932849e-03
-2.629057855988526371e-01
-1.728517901025569570e+00
-2.008445344499681262e+00
-2.914463329256629542e+00
-5.437479626180424574e+00
-4.767926485959868010e+00
-3.021757790291696111e+00
-2.295520481168139337e+00
-1.354315133580805686e+00
-1.824253342475201656e-01
1.349294793885724930e+00
3.548756713075992941e+00
4.042072635656243307e+00
2.157846451432479995e+00
8.963620451076613760e-01
5.923065911914673354e-01
1.840593617678085159e-02
1.652768648884691827e-01
1.307875092811315643e+00
9.561177400688983807e-01
1.617206535156879621e+00
1.385498933681833966e+00
2.321125905382108723e+00
2.821033575701262563e+00
2.298719420812528558e+00
-2.412567927563502579e-02
-8.997433606546419993e-01
-2.269784001720490441e+00
-3.505715182006240216e+00
-4.176460654167117426e+00
-7.532267214798496369e+00
-9.227952350995851205e+00
-9.420164836104762074e+00
-8.827006048776569358e+00
-8.705149724792478949e+00
-8.908070251582053345e+00
-8.736560665770518597e+00
-8.664293827941195403e+00
-8.492066479462195616e+00
-6.913781649562437792e+00
-5.077748297669213429e+00
-2.000208729825914133e+00
4.883080116832404505e-01
2.997557162393858388e+00
4.835385407763118870e+00
5.519025154924545262e+00
5.463121433205162525e+00
5.907357146412240745e+00
6.593487944491506880e+00
7.027443646802838728e+00
5.709675778942803426e+00
4.161337598089640544e+00
2.883572455514446631e+00
1.466253778396702234e+00
2.651655697778551701e+00
3.128151632779500257e+00
3.817950394898976363e+00
4.748105186312457704e+00
5.194079279873582422e+00
5.381405526604257972e+00
5.005625898991615585e+00
4.358487669996616631e+00
3.660991767273605646e+00
2.524447696021781873e+00
3.973081691778824753e-01
4.125202788227848028e-01
8.415629557148363027e-03
-7.830364814419519259e-01
-2.933050719039517418e+00
-4.457886965231708132e+00
-7.516667235817813264e+00
-9.720414283728439742e+00
-8.740662660600085232e+00
-7.371909803908008207e+00
-4.348547559980820765e+00
-2.919562526343799647e+00
-1.912614746543966904e+00
7.274363508264913847e-02
1.175704189993611593e+00
1.666618610229649855e+00
1.458823152723298655e+00
-4.989015769586260807e-01
-3.681140863295079058e+00
-5.595953670978713212e+00
-6.604562025031052386e+00
-5.524983405237592571e+00
-4.833755238463268711e+00
-5.606463219407914700e+00
-4.806312505138968127e+00
-3.457142132474439133e+00
-1.646936359584796117e+00
-7.186766630576953974e-01
-5.627841660018266801e-01
4.527652584416317350e-01
-4.905775189629349442e-01
-1.486946688286919560e+00
-2.573628143413707381e+00
-3.113804712085971538e+00
-2.943095717523314558e+00
-1.685294433933715474e+00
1.215816480274317657e+00
3.651530086565265343e+00
5.429289330110064427e+00
7.389874770664492054e+00
8.930456959221627855e+00
9.601033454256199917e+00
1.033246594295921028e+01
8.787790955350324396e+00
7.748248260442867519e+00
7.263294686187265370e+00
4.158563684643563185e+00
2.346870970383212907e+00
1.503316382127154682e+00
1.509624111528796719e-01
-2.030657293692962551e+00
-4.165041017981756077e+00
-6.639697458669184371e+00
-7.956212397563410477e+00
-8.930028564404624447e+00
-1.021813529114339580e+01
-1.054339002388049806e+01
-9.299126064351769472e+00
-9.449360673717865922e+00
-9.853496084332322269e+00
-1.009147959394663552e+01
-7.882042332982304167e+00
-5.042446608018198440e+00
-3.857739784633181124e+00
-2.005418344388664842e+00
7.223344884013822575e-01
1.197243063501022720e+00
2.821051876011842374e+00
3.986484754350540616e+00
4.515212056337459146e+00
6.509422095212085146e+00
7.055649535321730781e+00
6.276013671897995749e+00
5.436545617544001452e+00
3.977818245062792357e+00
2.741350803193562058e+00
2.484940584578811507e+00
2.663834793463711215e+00
1.676321770830047075e+00
5.984396660965767278e-01
-8.147496950613539735e-01
-2.376198160730002673e+00
-3.378051568565735074e+00
-4.487947305866925696e+00
-5.388855908466095634e+00
-5.201106504082863680e+00
-5.940516622917619394e+00
-7.483109992714700454e+00
-7.493289144552346848e+00
-6.991463078649266194e+00
-6.120982573467413701e+00
-4.202914604559833123e+00
-5.102457420557727774e-01
2.701045029005859188e+00
5.913081676119192664e+00
7.369205120559565003e+00
1.067098957893395728e+01
1.357356715693136273e+01
1.675323133329910164e+01
1.550161404170201251e+01
1.292990728611496642e+01
9.700265447457590895e+00
7.633495040046703650e+00
5.160023392274168508e+00
4.247995451092958064e+00
3.411010208858265003e+00
3.405822847417088184e+00
2.192839692965284915e+00
1.044863803138310399e+00
-4.826669785187358008e-01
-3.504295567224565033e+00
-6.087077673577737436e+00
-6.736391594535398042e+00
-7.239281164931809620e+00
-8.096326950143732049e+00
-7.552607169875477311e+00
-6.354541459299690942e+00
-5.624736233232956906e+00
-4.498496749796462524e+00
-3.123672920444445555e+00
-5.934746368055499044e-02
1.081375197851639047e+00
1.998242055846690679e+00
3.296338536294529220e+00
3.036328159991250608e+00
1.630869402605203300e+00
1.163666626425744477e+00
1.311271174834126807e+00
1.479771019175799562e+00
1.789339784218921148e+00
2.547467675601756909e+00
3.231272544885527953e+00
4.265877537293258470e+00
4.709266220826547666e+00
5.851844688600419175e+00
6.715432678447583292e+00
7.165763677870483406e+00
6.746914813287141044e+00
6.593430767021027705e+00
6.709020670292721533e+00
8.257246092635565304e+00
1.068692611337610643e+01
1.088280378058289699e+01
1.098384426308033568e+01
1.016474298480055261e+01
9.381734168159100662e+00
5.687549341941741332e+00
3.096065547578795929e+00
5.073237251571118822e-01
-1.456211170424834167e+00
-2.387106224492681061e+00
-2.931305594050076735e+00
-3.873115425774591891e+00
-4.582244916534654600e+00
-5.116354585253280796e+00
-4.369114390189836605e+00
-4.139413128591342250e+00
-4.204114592232718550e+00
-4.325561843946478469e+00
