9.861735698828814733e+00
1.152302985640802468e+01
9.765863043050819314e+00
1.076743472915290845e+01
1.054256004358596499e+01
9.534270246429743523e+00
8.086719755342201665e+00
9.437712470759027639e+00
1.031424733259527393e+01
8.587696298664708294e+00
9.774223699513465036e+00
8.575251813786543664e+00
1.011092258970986535e+01
1.037569801834567151e+01
9.708306250206723220e+00
1.185227818450893800e+01
8.942289071044099202e+00
8.779156350028976874e+00
8.040329876120225094e+00
1.019686123586912352e+01
1.017136828118997016e+01
9.698896304410711267e+00
9.280155791605292137e+00
1.105712222621891527e+01
8.236959844637265604e+00
9.614917719583683464e+00
1.061167628884086866e+01
1.093128011911619879e+01
9.690787624148786250e+00
1.097554512712235919e+01
9.814341023336183412e+00
8.803793375919330089e+00
1.135624002857082360e+01
1.100353289789202371e+01
9.354880245394875615e+00
1.153803656646596920e+01
1.156464365581400600e+01
1.082190250437522394e+01
9.700992649534132539e+00
8.012431085399107644e+00
1.035711257151174713e+01
9.481729781726352613e+00
9.498242956415463567e+00
1.032875110965968446e+01
1.051326743311335576e+01
1.096864499053288888e+01
9.672337853402231289e+00
8.536485051867881424e+00
1.026105527217989000e+01
9.765412866624853194e+00
9.579354677234640292e+00
9.197722730778380651e+00
1.040405085681453912e+01
1.017457781283183849e+01
9.925554084233832342e+00
9.973486124550783316e+00
1.246324211248528613e+01
1.030154734233361324e+01
8.831321962380467738e+00
1.075193303268677347e+01
9.090612545205260631e+00
8.598148937207719555e+00
1.219045562580997810e+01
9.433702270397228418e+00
9.496524345883800677e+00
1.006856297480602791e+01
1.047359243063518086e+01
1.154993440501753987e+01
9.677938483794324753e+00
8.769135683566045003e+00
1.130714275428242743e+01
1.018463385853230463e+01
1.078182287177730991e+01
8.679543386915723246e+00
1.029698467323318667e+01
1.034644820949697497e+01
1.023225369716100275e+01
9.285648581973632076e+00
1.047383292091178753e+01
1.065655360863383017e+01
1.078708460374245170e+01
9.179317681648289096e+00
1.041278092693649882e+01
1.189679298265394713e+01
9.246263835642510642e+00
9.184189715034561274e+00
1.034115197481664339e+01
1.082718324903602358e+01
1.145353407715731642e+01
1.272016916658961883e+01
9.142842443583717227e+00
1.048247241524318518e+01
1.071400049409209210e+01
9.927171087343127809e+00
8.485152775314135809e+00
1.085639879432347144e+01
8.754261221288011541e+00
1.038531737972883739e+01
1.015372510594552757e+01
8.857029702169377572e+00
1.056078452636823428e+01
1.105380205203490362e+01
9.062174960084877995e+00
1.051378595091220802e+01
1.385273149065472076e+01
1.113556564018059802e+01
1.065139125130579778e+01
1.075896922049326676e+01
9.763181393259991125e+00
1.008187413938632204e+01
8.132734807408251498e+00
8.387284128810348349e+00
1.108895059696736674e+01
8.922255222070694103e+00
1.067959774893467539e+01
1.021645858958197550e+01
9.348399652394183690e+00
1.063391902231801112e+01
1.018645431476942775e+01
1.085243333479622407e+01
9.885263558533100792e+00
1.086575519417012181e+01
9.665498764159051959e+00
9.346670767426287441e+00
1.040498171096095525e+01
1.091786194705477619e+01
1.103246526055114707e+01
9.515765927133749358e+00
9.292330534381219920e+00
1.077463405342933633e+01
9.940474643938200572e+00
8.975612358665710389e+00
8.752216818035151391e+00
8.569858622039367546e+00
1.013074057728609212e+01
8.564137848820561061e+00
1.001023306101958710e+01
1.046210347426327125e+01
9.399783122841204985e+00
9.614686403138239967e+00
1.066213067452104646e+01
8.762184501173150508e+00
8.047912200477497890e+00
1.058831720648457697e+01
9.377300480179405540e+00
9.506999065341167565e+00
1.084960209702102496e+01
9.307090404739346567e+00
1.030729952087660983e+01
1.062962884192361201e+01
9.439818959803030651e+00
1.061037026543346506e+01
1.011732738330878156e+01
9.408428611164170619e+00
9.797807347566106273e+00
1.109877685198718922e+01
1.081350963600063864e+01
1.002100384163275848e+01
9.689733243406543295e+00
9.869856945632315970e+00
1.059515702543691340e+01
1.209238727568546068e+01
8.785811387212268286e+00
1.079166269396293565e+01
1.062834550926428001e+01
9.102745628514169240e+00
9.322838288487888647e+00
9.852942618497861460e+00
9.678614158347006224e+00
9.436275447196024402e+00
1.024368721149191153e+01
9.493056824628869350e+00
1.023204993735763679e+01
8.592536225623444324e+00
9.786552848288152973e+00
1.147535621694955132e+01
9.840061470036573610e+00
8.997470635362191160e+00
9.711341361079862011e+00
9.172769056447677372e+00
1.153273891300257858e+01
1.040171172209894124e+01
9.598779528114164350e+00
1.001259240078179502e+01
9.226990216144534074e+00
1.049799829124544992e+01
1.095927082608520742e+01
9.232652437111950050e+00
1.018334200573835169e+01
9.191701714644848309e+00
9.400607354555978290e+00
9.474244978319239507e+00
1.015039378647620794e+01
1.187617083921588623e+01
9.423096344337597685e+00
1.049191917150650610e+01
1.183145876585435374e+01
9.530824347895295645e+00
1.135387237416541240e+01
1.123781631197346087e+01
9.400624977046227571e+00
1.004698059376474184e+01
1.062284993234749919e+01
9.857620514978705728e+00
1.051443883405874935e+01
8.875357908162131437e+00
1.127767682189850973e+01
9.251513463443446383e+00
1.011567463429285851e+01
1.006751848141010974e+01
1.175534084244320354e+01
1.097157095095435508e+01
1.136863155753234800e+01
1.068605145999843842e+01
8.241260513576886382e+00
7.960767822239899871e+00
1.071754225579596209e+01
1.007409478041977557e+01
8.619898541785108392e+00
9.944452301103380520e+00
9.967305251905907326e+00
9.910879960487211093e+00
1.066967254883003768e+01
9.060120213672645306e+00
8.940786478111048652e+00
1.095514232050123837e+01
1.050404651551784418e+01
9.207127167737656492e+00
8.964757677580625028e+00
8.802122107411150864e+00
1.003526355197172926e+01
1.021397991073422240e+01
9.779030400466776740e+00
1.075750771004730488e+01
9.424181759355320764e+00
7.698078835264414721e+00
1.136687426744452445e+01
9.750963960443622014e+00
1.031125015454353644e+01
1.111957491143457588e+01
9.044459559399573578e+00
1.020346363586722305e+01
8.577746290402325613e+00
8.918451996385604374e+00
1.088163975694945051e+01
1.147994413889002630e+01
9.138715798671736223e+00
1.053891004368465900e+01
9.809661321916392396e+00
8.617200269035663496e+00
1.190941664047013049e+01
1.056296923669057009e+01
9.512874616235304615e+00
9.136009230320183860e+00
9.169049883588961336e+00
9.949761890550863797e+00
9.092436337958401893e+00
1.075539122582575580e+01
9.022444755201448174e+00
1.075138712337178859e+01
1.054336019237993582e+01
1.057059866859315989e+01
8.195117899335480516e+00
1.004808494666138152e+01
9.095683374895591200e+00
8.338479937731040792e+00
8.788983800237543775e+00
1.004739867131641340e+01
9.615444455770175480e+00
9.423108130476851585e+00
8.870293145342381891e+00
1.144156862065790037e+01
9.203104744529523984e+00
9.796954613957007396e+00
9.396014813284178757e+00
9.844322764607920107e+00
1.025442084330121340e+01
9.588123033877533175e+00
9.567441812180378591e+00
9.579015519179737481e+00
1.207540079864543969e+01
9.673976467832158477e+00
9.591924626978448387e+00
8.991913689082595695e+00
9.648486515958691001e+00
1.167643731227528292e+01
9.780899471191135675e+00
7.788864690992115314e+00
1.077086519388696750e+01
1.114375404320692908e+01
9.584712086099198558e+00
1.227069285780439500e+01
1.024822058630033617e+01
9.150155630535207862e+00
9.143916174091133442e+00
9.522342553234883766e+00
1.033366210528694751e+01
9.489983601145253189e+00
9.021236284217692969e+00
1.037730049304485291e+01
9.077834675822375132e+00
1.135563785880495047e+01
1.187679581255806660e+01
8.755345296688583190e+00
1.149604431148918238e+01
9.944415329089544286e+00
8.874510952701623268e+00
1.012922118197522714e+01
1.072576662389869284e+01
1.022388402427913157e+01
1.047146835713599522e+01
1.134542004615497746e+01
9.488784323568815182e+00
9.874213079900352241e+00
1.109419151847094831e+01
1.152955031946061304e+01
9.573118930052579856e+00
8.345143328134231098e+00
1.007331796718840344e+01
8.704921227936383232e+00
1.166902152528939318e+01
8.496857046881894249e+00
9.727276430252329575e+00
9.945705133482187321e+00
1.069620636481341869e+01
1.112656502954775739e+01
8.893474091258330105e+00
1.005921843401448790e+01
9.975874912889997503e+00
9.855639588076057223e+00
9.453141058759607418e+00
9.456575228866235250e+00
1.010643022769189692e+01
1.150399298858268793e+01
1.109150685192246222e+01
7.926609767591850542e+00
9.628559134004207820e+00
9.222183312409125477e+00
1.175227044342362248e+01
1.127155509499415942e+01
8.870948228782770784e+00
1.048937456122791723e+01
1.071299843017238729e+01
9.625179192450403320e+00
1.044426331148603992e+01
1.115932980336424762e+01
1.061593560694426408e+01
9.690453560686009382e+00
8.748886423614697705e+00
9.815097863557010527e+00
1.104900922583688860e+01
8.591538703636439678e+00
1.060600995134563895e+01
1.175479418198436399e+01
1.169645636829003799e+01
9.903286888129606780e+00
1.039913611435207130e+01
1.110330188201652213e+01
1.015030176146187735e+01
9.943054376278933404e+00
8.289831607343375097e+00
1.074326409402271487e+01
9.816016663647321394e+00
1.034758170536167121e+01
9.221695274597687231e+00
9.021627222384967837e+00
8.297416395762159169e+00
1.047259748241304322e+01
1.098269098394551335e+01
1.101437006501813087e+01
8.720423033264298240e+00
1.002609105021083380e+01
9.274256186846534078e+00
9.244617067646677455e+00
8.593338903151778396e+00
8.648315394383665478e+00
1.105364179660783996e+01
1.263238206483739035e+01
1.018483612369487368e+01
1.070030987940899081e+01
1.012200981464536120e+01
9.903940100275349323e+00
9.296823574874112595e+00
1.177080063563550993e+01
1.181244855799692850e+01
9.437533224105731477e+00
1.097255444962672932e+01
8.429775280109543800e+00
9.752481364448495782e+00
1.062067209755067765e+01
8.664655641289899179e+00
1.061058574528382259e+01
1.108078072555462157e+01
1.045918007922843707e+01
8.339039066484009055e+00
1.020768768716311037e+01
8.723251424179689906e+00
1.105315285333290376e+01
1.068150069737262520e+01
1.002975613949574551e+01
9.483955271782626539e+00
9.537724711294957913e+00
9.690827876531360019e+00
9.521251378336522464e+00
9.105392697780496647e+00
9.560268941725825087e+00
1.019655477651157405e+01
8.514439626963028473e+00
1.088963079562343772e+01
1.106548037506535209e+01
1.140934744018558078e+01
9.637161439560340881e+00
1.145338447711770158e+01
9.477139972846732263e+00
9.718215391139493065e+00
9.081348053515801766e+00
9.232202434895871335e+00
1.023421473253652003e+01
9.001645959261209029e+00
9.786011155774490433e+00
1.067481949216660375e+01
1.038240974618405055e+01
1.049245126400814954e+01
1.245530013991089469e+01
9.469003044998181906e+00
9.444522880839745227e+00
1.118901653110755134e+01
9.429253706250523948e+00
1.047141555638640398e+01
1.063293181775551055e+01
8.484255885002767172e+00
1.179587767309552149e+01
9.612298440064016347e+00
1.033445678998702455e+01
1.201020453876634875e+01
9.201702755461546701e+00
9.269069960058081037e+00
1.179455786351778812e+01
1.022378795163889897e+01
1.118839327344808332e+01
9.469131227079678581e+00
1.104416087706907135e+01
1.184670732573603402e+01
9.640707909212940407e+00
1.110870358058290819e+01
1.050727403110729696e+01
1.116929559044567277e+01
1.064870988758964288e+01
1.014671368643332272e+01
9.183064329012763594e+00
9.606661187672639102e+00
1.127845186260729804e+01
1.004643654815614795e+01
1.074625356602722093e+01
1.216325472330546020e+01
1.021915032766393949e+01
1.157745327976347482e+01
1.027902152577033945e+01
1.018660912315635869e+01
1.019408999289830753e+01
8.973484700588940655e+00
9.299879185060826003e+00
8.476813095216225946e+00
1.037721187506452125e+01
9.934249738927011464e+00
1.188115706944059013e+01
7.801194043379918064e+00
9.497945775647389510e+00
1.070835644729935332e+01
9.435921369263271075e+00
1.087245732828014511e+01
9.900824136220617078e+00
8.929915233673847652e+00
9.308091930118756352e+00
1.024333944932269169e+01
1.035205539651429696e+01
1.144376460407325879e+01
1.111729583158812673e+01
1.045675321915378397e+01
1.044770856001731474e+01
1.132915253013243095e+01
1.070900375758851197e+01
1.144011721544947235e+01
1.180094043291081540e+01
8.569224897881952074e+00
9.318948342525118278e+00
9.347376020697609533e+00
8.110459269054469900e+00
7.576120673371043779e+00
1.076041465614429704e+01
1.042545756178496497e+01
9.952288643858020478e+00
8.841635310807458126e+00
1.087736229057567172e+01
1.002688583899453079e+01
7.958265131575709361e+00
9.318015752002201779e+00
9.718899707114045938e+00
1.064084286126701073e+01
1.057258278135615903e+01
1.092463368291276815e+01
9.353063222294426993e+00
1.039348538542174971e+01
1.063517180168197029e+01
9.464764788439431697e+00
1.019759960469239957e+01
9.310812181910431917e+00
1.019791078346264790e+01
9.516114165945678494e+00
1.042416594640191718e+01
9.426299996061420217e+00
1.214227035861186366e+01
1.043632366967403158e+01
1.012003132671826044e+01
8.977207434801593777e+00
8.331415926122410553e+00
1.064719593970274047e+01
1.157398676329003351e+01
8.535625119790179127e+00
1.104709830261215409e+01
9.541115737131059760e+00
9.961491530499293034e+00
1.088365993748667293e+01
8.423607843015750163e+00
1.138009135414745110e+01
1.039580353343740882e+01
1.026067376582390622e+01
9.328376632061948115e+00
1.117272901925936424e+01
9.629385667913894054e+00
7.151457379369924539e+00
8.260286221221900149e+00
8.880330105373856142e+00
1.116082678737851985e+01
1.034650388173071534e+01
1.047704082722312080e+01
8.717007775811429937e+00
9.506243416838687565e+00
9.571884839034087378e+00
1.085022174211349366e+01
9.650742295681570937e+00
1.207674798356084089e+01
1.043004164719106974e+01
1.023878915902651343e+01
9.803650150915022010e+00
9.962777763490159089e+00
1.005194588580729942e+01
9.919283419891417708e+00
8.001799315467891915e+00
1.034648847589799203e+01
7.103744621806310278e+00
9.860410371844826827e+00
8.960094072874468907e+00
8.946584436826343634e+00
1.191403135386678613e+01
1.021743287317972282e+01
1.049568188797260504e+01
1.036496100246622554e+01
9.942381202966414477e+00
1.105065439600761223e+01
1.118703030556038058e+01
8.856995087269517342e+00
8.853654606981312014e+00
9.245724149980642181e+00
1.032876241030348119e+01
1.042192075423528408e+01
1.045353430151397944e+01
1.096408716828835672e+01
8.772392184863008424e+00
1.070117274231089866e+01
1.137570681331161992e+01
1.012557645347154178e+01
1.001557904758146833e+01
8.559949117405706076e+00
9.153038651681672633e+00
7.846609886396285205e+00
8.676910206592502561e+00
1.100981708934263459e+01
1.225243580534430876e+01
9.675168616491378160e+00
1.229094257259074219e+01
8.354601253043108855e+00
1.243975240633927370e+01
1.056390912005235982e+01
1.085341555878030739e+01
1.028119142396937491e+01
9.937406872100478239e+00
9.719324923133225269e+00
9.901660373205249499e+00
8.896410682784228641e+00
1.139200228634459933e+01
8.429499396376822773e+00
1.094077118798821502e+01
9.775366850002974672e+00
9.031655545136365149e+00
8.665974505081795343e+00
1.031978193414253653e+01
1.044047473796039860e+01
1.055248995441714754e+01
1.136414042997384399e+01
9.570594458874747801e+00
1.054329802903638758e+01
1.004059169120388262e+01
9.337099082449052290e+00
1.174957674318693890e+01
9.307094802204092687e+00
1.089492437694444149e+01
1.124774207267373427e+01
1.027899416222380147e+01
1.214514912777338829e+01
1.030982071022702762e+01
1.041379909745149845e+01
9.870179300266574529e+00
9.852997998371511912e+00
1.221052300159135129e+01
8.630197020420922627e+00
1.257970933765431809e+01
1.163911680544406835e+01
9.446411758292004635e+00
1.162839662312853761e+01
9.796419639897639087e+00
8.985243269307133573e+00
8.776059733237744354e+00
9.230026768941357318e+00
8.444104353796372919e+00
1.083352896160892520e+01
1.037405656984757130e+01
8.790358981308795450e+00
1.041901900936604441e+01
9.944230922342294221e+00
1.007600539141241214e+01
9.079326406920634085e+00
8.586285503095020033e+00
9.096092358535210920e+00
1.123609317521043671e+01
1.060913812090717734e+01
9.683591550305198581e+00
1.014171691363990391e+01
1.039331783939437237e+01
9.690883535797498283e+00
9.847530163619456545e+00
1.095670231679458340e+01
8.668767046442221513e+00
1.050799132691254378e+01
7.847109407047517138e+00
1.249299951743279102e+01
1.083849077445164255e+01
9.901110346808858154e+00
9.709725455811348382e+00
1.032169780619601340e+01
1.099204234953652204e+01
9.244254840507155180e+00
9.101532018208962072e+00
9.990881003355797318e+00
1.047469823287995361e+01
1.081776629920028654e+01
1.055781030635186291e+01
8.688163767649839997e+00
9.694775295645332136e+00
9.813028697014553714e+00
1.052969275435673069e+01
1.048650164382620176e+01
8.024533433646128699e+00
9.855912444278384754e+00
1.059992872999620417e+01
1.121876185169731599e+01
1.149072613684995225e+01
9.662914028881960604e+00
9.697530313511871114e+00
1.017041622237548815e+01
1.000304602015341437e+01
1.119064627478634222e+01
8.515102031550096484e+00
1.093431991123927460e+01
9.775234598107315875e+00
8.198019562419979422e+00
1.075915516030264740e+01
7.408957707855090113e+00
1.039180400540254645e+01
1.018335991977915533e+01
1.057929149960108894e+01
9.026931059118444622e+00
9.841470426973030428e+00
9.066732040926803293e+00
9.115197285973099639e+00
1.171170848014234345e+01
8.386438602123259756e+00
9.790676322848133495e+00
1.103990468739607600e+01
1.182600971354693620e+01
9.512088591854297448e+00
9.394285076996661488e+00
1.029929258040649209e+01
1.156151119672685290e+01
9.246582129653816651e+00
9.322284630247894555e+00
1.013653533108273663e+01
1.018468030586490869e+01
9.028385961489348688e+00
9.343105721028603483e+00
1.053665275252728684e+01
1.071895331066506607e+01
9.243204911430538573e+00
1.150133365195548762e+01
9.749166983544952814e+00
1.055623000940065914e+01
1.216500234490108312e+01
1.092784012808123784e+01
1.026859227886325776e+01
1.050783575628962296e+01
1.107250733730980130e+01
9.160790332660994295e+00
8.033643410623998449e+00
8.896791634278317318e+00
9.723186700111078551e+00
1.081573721253929676e+01
9.416922561431061212e+00
1.028257995048829976e+01
1.160734557601999306e+01
1.073487778604981813e+01
1.117347385748532496e+01
8.703168052044153669e+00
9.348643106208170295e+00
1.058636401875509314e+01
1.002127157673606206e+01
1.170221494463523726e+01
1.260168311418039444e+01
8.239237240844182963e+00
1.038115838488277731e+01
1.067318135126995848e+01
8.775701763710634040e+00
9.149479545790699220e+00
1.058857840442060905e+01
1.039467152982298082e+01
1.044460266822014027e+01
9.390217095680617021e+00
1.001468819472919769e+01
1.064828043384385836e+01
1.041953244390702693e+01
9.562541699676589957e+00
9.627166847908233294e+00
9.600363814385397987e+00
1.093259083187309066e+01
8.239191188019223233e+00
1.126258410342718186e+01
1.255819928566825183e+01
1.018455130319703628e+01
1.200609288815912379e+01
1.120836623059314263e+01
1.059252694920118287e+01
9.448814283671467251e+00
9.996625542589047342e+00
9.546771950672724216e+00
1.095530520857051116e+01
1.147753008105526185e+01
9.806340540720281496e+00
8.133463382926940710e+00
9.878252491616716924e+00
1.063081168455477687e+01
1.185409256633418806e+01
1.058209770346861589e+01
9.040560763276520362e+00
1.108874861970418557e+01
1.154324352827218902e+01
8.880382566710988357e+00
8.231560634437148138e+00
9.852397413701330819e+00
8.405296932733204329e+00
9.467299160338088271e+00
7.127737786718350677e+00
1.177225159666974363e+01
9.542903743413727824e+00
1.046877425607502410e+01
1.030179189981946664e+01
1.122693322388430737e+01
9.796326249823033905e+00
9.173119645960140289e+00
1.036736550681617786e+01
9.196821049319655828e+00
9.728876398957432059e+00
9.252788320852175730e+00
1.088404539636104928e+01
9.718672442881786111e+00
1.051593921770409956e+01
9.470947322653705314e+00
8.745710576830751037e+00
8.643418195376595392e+00
9.964358517702516238e+00
1.116473935445717203e+01
9.189747562985619567e+00
1.114863734942871432e+01
1.006167984984797137e+01
1.069310560726314385e+01
9.632972160916677851e+00
1.008614388304637544e+01
7.078649516505392647e+00
1.090393484108619582e+01
8.990269295290062246e+00
1.205749546971169828e+01
9.271997058770866218e+00
1.137487641914818504e+01
9.200807993349746639e+00
9.046671391741288204e+00
1.162467845846956038e+01
9.747646497873711624e+00
8.436809191303343169e+00
9.922162802987198660e+00
1.319310756784486038e+01
9.248208949904816123e+00
1.114844570919675526e+01
8.561722021682633965e+00
9.331855914461005597e+00
1.108004806571464940e+01
1.128101636173511224e+01
1.085277367512221858e+01
9.153643345009125909e+00
1.102996081758116098e+01
9.596351536758003675e+00
1.042359906559346072e+01
8.932467085745727786e+00
1.141222055541542879e+01
1.045237179624973400e+01
1.042830709720764837e+01
1.098572999567986308e+01
1.258956364201861433e+01
1.032579631658216712e+01
9.646833707189312435e+00
9.704598589860971458e+00
1.131759753560795900e+01
1.113987856112904495e+01
9.881931473008920719e+00
9.392178012905567641e+00
9.977131937701118503e+00
9.495225078771783345e+00
1.054673356820137897e+01
9.633175588185311611e+00
9.077589815501497128e+00
9.677679530788660500e+00
1.152131605192245090e+01
9.568379687281952428e+00
9.975804393609083220e+00
1.032435928172160367e+01
1.118767938846156440e+01
1.020115965587283924e+01
9.741095026295923276e+00
9.525096343377475350e+00
8.654020319753250590e+00
1.193892899905828386e+01
9.322255029475147836e+00
1.017958178193959817e+01
1.048918713014766269e+01
1.110969984195622295e+01
9.758742345381458350e+00
1.189988193489521606e+01
9.025470695329358861e+00
9.879618836046402564e+00
1.084742167715042171e+01
9.909466717695838867e+00
1.019049967977906590e+01
9.564513629430155817e+00
9.740453322416083637e+00
1.061536748401305275e+01
1.108598211617503182e+01
1.080805779828114588e+01
1.183818367679512207e+01
9.650683203881802896e+00
9.696820217165724287e+00
8.383689391563411419e+00
8.932197078420806235e+00
1.171061337258192481e+01
9.831178276809989569e+00
1.116187830260819069e+01
1.023836898273478546e+01
1.050109416993984546e+01
1.100104609256714028e+01
1.067787531953090685e+01
8.169367103143542863e+00
1.137365854516295727e+01
1.095287454720293852e+01
1.131491445358404668e+01
1.074212749107189246e+01
8.398034188102831976e+00
9.156753404683808384e+00
9.824114187567662526e+00
1.055148537604046766e+01
1.169505104043075328e+01
1.019460745523724299e+01
8.679977488779293537e+00
9.962963202951588215e+00
9.307579020126144798e+00
9.916894427371305554e+00
1.076005596368960227e+01
8.542448500535069655e+00
9.247843594409417278e+00
1.134045044602314434e+01
1.011502607914741780e+01
1.067134007645046623e+01
9.248030668261181475e+00
9.203974143196511193e+00
1.002131164867194180e+01
9.939339186185378594e+00
8.486285607387172192e+00
8.415864056994509568e+00
1.050872502322993363e+01
1.089503831407611578e+01
1.014679301198554917e+01
1.089683931586553101e+01
9.108807774584713357e+00
9.280846680757580458e+00
9.012820472848815712e+00
1.007685188295876877e+01
9.349997419176540703e+00
1.044194064956940871e+01
1.141093237974627073e+01
1.001884962294484716e+01
1.023321613126350194e+01
1.028712416520182416e+01
1.036150352520610163e+01
1.010855970577652307e+01
9.791883142727460410e+00
8.118150954502361571e+00
1.009284490114111499e+01
8.972324859074042536e+00
9.133825151785499585e+00
1.042719436187168469e+01
1.177531089260951269e+01
1.091915417361000173e+01
9.329379790923354676e+00
9.749953485401047004e+00
1.026032183877122073e+01
1.081080827315978254e+01
8.251468026761818564e+00
8.337508011964326116e+00
1.112670513682758333e+01
9.589185712045415144e+00
9.785078969711264563e+00
1.077966053226933951e+01
1.139568381078995607e+01
9.790778126255471392e+00
9.194129933503811358e+00
1.161558282354823213e+01
9.407535740847105643e+00
1.028016115881960602e+01
1.042406104446408932e+01
9.985547729121721616e+00
1.000642226981093863e+01
9.890390196074168472e+00
9.629988970117873137e+00
1.159864717050471761e+01
9.704519681970840139e+00
9.666180510243989943e+00
1.036964219219809458e+01
1.044771692581027800e+01
8.873232531090195607e+00
1.014294309476370692e+01
1.223130014619263228e+01
1.050084447494445783e+01
9.457326200265978144e+00
9.379152401748884316e+00
9.527909422302872855e+00
1.074791025611753348e+01
1.023924686411115026e+01
9.080615408413576617e+00
9.713995778119889124e+00
1.195834745422059342e+01
1.049669922323652216e+01
9.894051645695864039e+00
8.497029671604845902e+00
1.046769317176543268e+01
1.009798315347089570e+01
9.608351432578208673e+00
9.656807724502590062e+00
9.630389663956366419e+00
9.970737186315021816e+00
9.948606276411513960e+00
1.126192150071399212e+01
9.346233661351179833e+00
1.137443809317081644e+01
1.313774853365999462e+01
1.022323891412916019e+01
1.028555407485765727e+01
1.064521558595005679e+01
1.008958068125524932e+01
9.848726716346488885e+00
1.113377009686706387e+01
7.059611365335719313e+00
1.019473619471877512e+01
9.611481546911115004e+00
1.094752646212285718e+01
1.040705228712453589e+01
8.620381835211070154e+00
1.086239347238275954e+01
1.051308542009729230e+01
1.051617828711495761e+01
1.043192254467393987e+01
1.075429132981357405e+01
1.070830384720106387e+01
1.107015023831642786e+01
9.118125348772281313e+00
