4.04684055841292
4.54684055841292
4.44684055841292
3.27184055841292
2.14684055841292
0.24684055841292
-1.75315944158708
-2.55315944158708
-3.25315944158708
-4.55315944158708
-4.65315944158708
-4.75315944158708
-4.85315944158708
-4.45315944158708
-3.95315944158708
-3.75315944158708
-3.95315944158708
-5.05315944158708
-4.85315944158708
-4.75315944158708
-4.05315944158708
-3.85315944158708
-3.15315944158708
-2.35315944158708
-1.95315944158708
-1.85315944158708
-1.45315944158708
-1.35315944158708
-2.25315944158708
-3.45315944158708
-4.75315944158708
-5.75315944158708
-6.15315944158708
-6.35315944158708
-7.35315944158708
-8.35315944158708
-8.45315944158708
-9.05315944158708
-9.65315944158708
-10.2531594415871
-9.15315944158708
-5.85315944158708
-3.35315944158708
-2.15315944158708
-1.05315944158708
-0.453159441587079
0.0468405584129208
0.546840558412921
1.14684055841292
1.54684055841292
1.94684055841292
0.74684055841292
0.14684055841292
-0.553159441587079
-2.15315944158708
-3.55315944158708
-4.85315944158708
-5.05315944158708
-6.25315944158708
-7.45315944158708
-8.55315944158708
-9.55315944158708
-10.3531594415871
-9.85315944158708
-8.35315944158708
-6.15315944158708
-3.35315944158708
-1.55315944158708
-0.35315944158708
0.74684055841292
0.64684055841292
0.84684055841292
0.546840558412921
0.0468405584129208
-0.65315944158708
-1.35315944158708
-2.05315944158708
-2.85315944158708
-3.27815944158708
-5.15315944158708
-5.95315944158708
-6.75315944158708
-6.85315944158708
-6.95315944158708
-6.95315944158708
-6.95315944158708
-6.95315944158708
-6.85315944158708
-5.85315944158708
-4.25315944158708
-3.35315944158708
-2.65315944158708
-1.85315944158708
-1.05315944158708
-0.453159441587079
-0.553159441587079
-0.15315944158708
0.74684055841292
0.84684055841292
-0.25315944158708
-1.45315944158708
-2.35315944158708
-3.05315944158708
-3.55315944158708
-3.95315944158708
-4.05315944158708
-3.90315944158708
-3.75315944158708
-2.75315944158708
-2.65315944158708
-2.85315944158708
-2.95315944158708
-3.35315944158708
-2.95315944158708
-2.35315944158708
-1.15315944158708
-0.85315944158708
-0.953159441587079
-0.553159441587079
-1.15315944158708
-1.25315944158708
-0.553159441587079
-0.15315944158708
-0.0531594415870789
-0.0531594415870789
-0.953159441587079
-2.65315944158708
-3.75315944158708
-4.65315944158708
-5.65315944158708
-5.60315944158708
-5.55315944158708
-7.15315944158708
-7.75315944158708
-8.85315944158708
-8.95315944158708
-7.95315944158708
-4.65315944158708
-1.75315944158708
-0.0531594415870789
1.04684055841292
1.54684055841292
1.74684055841292
2.04684055841292
2.24684055841292
2.14684055841292
1.34684055841292
0.446840558412921
-0.453159441587079
-1.25315944158708
-2.75315944158708
-3.55315944158708
-4.35315944158708
-4.65315944158708
-4.85315944158708
-5.05315944158708
-4.65315944158708
-4.75315944158708
-5.05315944158708
-5.45315944158708
-3.95315944158708
-3.25315944158708
-2.05315944158708
-0.65315944158708
0.0468405584129208
0.74684055841292
1.34684055841292
2.14684055841292
2.14684055841292
2.14684055841292
1.94684055841292
1.74684055841292
1.14684055841292
0.24684055841292
-1.25315944158708
-2.15315944158708
-3.05315944158708
-3.25315944158708
-3.25315944158708
-3.25315944158708
-3.15315944158708
-3.35315944158708
-3.27815944158708
-3.27815944158708
-2.45315944158708
-0.25315944158708
1.54684055841292
1.94684055841292
3.44684055841292
4.44684055841292
4.84684055841292
4.74684055841292
5.04684055841292
5.24684055841292
5.34684055841292
4.94684055841292
4.54684055841292
3.27184055841292
1.94684055841292
0.34684055841292
-0.75315944158708
-1.35315944158708
-1.40315944158708
-1.45315944158708
-1.95315944158708
-2.65315944158708
-2.85315944158708
-2.85315944158708
-2.25315944158708
-0.453159441587079
1.74684055841292
3.37184055841292
5.04684055841292
6.34684055841292
7.04684055841292
7.44684055841292
7.74684055841292
7.44684055841292
7.04684055841292
6.44684055841292
6.24684055841292
5.14684055841292
3.04684055841292
1.34684055841292
-0.553159441587079
-1.25315944158708
-1.65315944158708
-2.05315944158708
-2.65315944158708
-4.15315944158708
-4.55315944158708
-3.75315944158708
-2.35315944158708
-0.85315944158708
1.54684055841292
4.04684055841292
6.14684055841292
7.44684055841292
7.74684055841292
7.64684055841292
7.54684055841292
7.44684055841292
7.34684055841292
7.14684055841292
6.34684055841292
5.14684055841292
3.34684055841292
1.54684055841292
0.14684055841292
-0.65315944158708
-1.25315944158708
-1.85315944158708
-2.85315944158708
-3.27815944158708
-3.45315944158708
-3.05315944158708
-1.65315944158708
0.74684055841292
2.54684055841292
4.14684055841292
6.04684055841292
7.04684055841292
7.94684055841292
8.54684055841291
8.54684055841291
9.04684055841291
9.54684055841291
8.84684055841292
7.34684055841292
6.14684055841292
5.24684055841292
3.44684055841292
1.64684055841292
0.14684055841292
0.446840558412921
0.74684055841292
0.446840558412921
0.546840558412921
0.14684055841292
-0.25315944158708
-0.25315944158708
0.546840558412921
2.04684055841292
3.54684055841292
4.94684055841292
5.74684055841292
6.44684055841292
7.24684055841292
7.84684055841292
7.24684055841292
6.24684055841292
5.44684055841292
4.34684055841292
3.54684055841292
2.14684055841292
0.84684055841292
0.24684055841292
-0.553159441587079
-1.25315944158708
-1.95315944158708
-2.35315944158708
-2.75315944158708
-3.05315944158708
-3.55315944158708
-3.35315944158708
-2.45315944158708
-0.75315944158708
1.14684055841292
2.44684055841292
3.34684055841292
3.94684055841292
4.34684055841292
4.54684055841292
4.14684055841292
3.27184055841292
3.04684055841292
2.14684055841292
1.04684055841292
-0.35315944158708
-1.85315944158708
-3.05315944158708
-4.25315944158708
-4.90315944158708
-5.55315944158708
-5.95315944158708
-6.35315944158708
-6.75315944158708
-6.75315944158708
-5.45315944158708
-3.27815944158708
-1.25315944158708
0.84684055841292
2.54684055841292
3.84684055841292
4.54684055841292
5.14684055841292
5.64684055841292
5.84684055841292
5.84684055841292
5.44684055841292
4.94684055841292
3.37184055841292
2.24684055841292
0.74684055841292
0.0468405584129208
0.34684055841292
0.546840558412919
0.74684055841292
2.24684055841292
2.24684055841292
0.446840558412921
-0.25315944158708
-0.25315944158708
1.64684055841292
3.54684055841292
3.84684055841292
4.74684055841292
6.64684055841292
7.74684055841292
5.94684055841292
6.44684055841292
6.34684055841292
5.54684055841292
5.04684055841292
2.04684055841292
1.04684055841292
0.546840558412921
0.34684055841292
-0.25315944158708
-0.0531594415870789
-0.00315944158707815
0.0468405584129208
0.0468405584129208
-0.0531594415870789
0.0468405584129208
0.0468405584129208
-0.0531594415870789
0.546840558412921
1.54684055841292
2.04684055841292
0.24684055841292
-1.05315944158708
-0.75315944158708
-1.05315944158708
-1.35315944158708
-1.65315944158708
-1.75315944158708
-1.95315944158708
-1.75315944158708
-2.05315944158708
-2.45315944158708
-2.85315944158708
-3.05315944158708
-3.25315944158708
-3.30315944158708
-3.35315944158708
-3.35315944158708
-3.27815944158708
-3.75315944158708
-3.75315944158708
-3.25315944158708
-2.65315944158708
-2.05315944158708
-1.35315944158708
-0.453159441587079
0.0468405584129208
0.24684055841292
-1.15315944158708
-1.75315944158708
-1.85315944158708
-1.95315944158708
-2.35315944158708
-2.75315944158708
-2.75315944158708
-2.95315944158708
-2.95315944158708
-2.95315944158708
-2.85315944158708
-3.00315944158708
-3.15315944158708
-3.15315944158708
-3.25315944158708
-3.15315944158708
-3.15315944158708
-3.45315944158708
-3.45315944158708
-2.85315944158708
-2.25315944158708
-1.85315944158708
-1.65315944158708
-1.55315944158708
-1.75315944158708
-2.05315944158708
-2.05315944158708
-2.05315944158708
-2.65315944158708
-2.85315944158708
-3.45315944158708
-3.85315944158708
-4.05315944158708
-4.15315944158708
-4.35315944158708
-4.65315944158708
-4.95315944158708
-4.95315944158708
-4.95315944158708
-4.55315944158708
-4.55315944158708
-4.35315944158708
-4.05315944158708
-4.05315944158708
-3.95315944158708
-3.55315944158708
-3.15315944158708
-2.05315944158708
-0.65315944158708
0.546840558412921
1.44684055841292
1.94684055841292
2.44684055841292
2.54684055841292
1.34684055841292
-0.553159441587079
-1.65315944158708
-2.25315944158708
-2.15315944158708
-2.65315944158708
-3.15315944158708
-4.05315944158708
-4.65315944158708
-5.05315944158708
-4.35315944158708
-3.85315944158708
-3.45315944158708
-2.95315944158708
-2.35315944158708
-1.25315944158708
-0.15315944158708
1.34684055841292
2.24684055841292
2.94684055841292
3.84684055841292
4.24684055841292
4.04684055841292
4.04684055841292
2.44684055841292
-0.25315944158708
-1.25315944158708
-1.35315944158708
-2.25315944158708
-2.60315944158708
-2.95315944158708
-3.45315944158708
-4.15315944158708
-4.75315944158708
-5.65315944158708
-2.85315944158708
-0.65315944158708
0.74684055841292
1.44684055841292
1.84684055841292
2.44684055841292
2.54684055841292
1.84684055841292
1.94684055841292
2.44684055841292
2.54684055841292
2.14684055841292
1.74684055841292
1.14684055841292
-0.35315944158708
-2.45315944158708
-3.25315944158708
-3.27815944158708
-3.90315944158708
-4.15315944158708
-4.15315944158708
-4.45315944158708
-4.55315944158708
-4.35315944158708
-3.15315944158708
-1.95315944158708
-1.45315944158708
-1.05315944158708
-1.05315944158708
-0.85315944158708
-1.55315944158708
-1.95315944158708
-1.25315944158708
-1.15315944158708
-2.15315944158708
-2.35315944158708
-2.35315944158708
-2.75315944158708
-3.25315944158708
-3.55315944158708
-3.27815944158708
-3.27815944158708
-3.32815944158708
-3.75315944158708
-3.95315944158708
-4.15315944158708
-4.15315944158708
-4.05315944158708
-3.85315944158708
-3.55315944158708
-3.05315944158708
-2.35315944158708
-1.35315944158708
-0.35315944158708
0.546840558412921
1.04684055841292
1.74684055841292
1.64684055841292
1.84684055841292
1.04684055841292
-0.75315944158708
-1.35315944158708
-1.65315944158708
-2.25315944158708
-2.35315944158708
-2.45315944158708
-2.45315944158708
-2.45315944158708
-2.45315944158708
-2.65315944158708
-2.95315944158708
-3.05315944158708
-3.15315944158708
-3.05315944158708
-2.55315944158708
-2.05315944158708
-1.25315944158708
-1.05315944158708
-1.15315944158708
-0.75315944158708
-0.553159441587079
-0.35315944158708
-0.15315944158708
0.14684055841292
0.14684055841292
-0.0531594415870789
-0.85315944158708
-2.05315944158708
-2.95315944158708
-3.75315944158708
-3.85315944158708
-3.95315944158708
-4.15315944158708
-3.95315944158708
-3.85315944158708
-2.45315944158708
-1.65315944158708
-0.75315944158708
0.64684055841292
1.34684055841292
1.04684055841292
1.94684055841292
3.54684055841292
4.64684055841292
5.54684055841292
5.44684055841292
4.74684055841292
3.27184055841292
3.04684055841292
1.74684055841292
1.24684055841292
0.74684055841292
0.546840558412921
0.24684055841292
-0.25315944158708
-0.75315944158708
-0.75315944158708
-0.65315944158708
-0.85315944158708
-0.85315944158708
-0.553159441587079
-0.453159441587079
0.0468405584129208
0.64684055841292
1.74684055841292
1.54684055841292
0.74684055841292
0.74684055841292
1.44684055841292
2.44684055841292
2.74684055841292
2.44684055841292
2.14684055841292
1.34684055841292
0.24684055841292
-1.05315944158708
-2.25315944158708
-3.45315944158708
-4.75315944158708
-6.05315944158708
-5.95315944158708
-3.75315944158708
-3.05315944158708
-3.15315944158708
-3.35315944158708
-3.25315944158708
-2.45315944158708
-1.45315944158708
0.0468405584129208
1.14684055841292
1.64684055841292
1.84684055841292
0.84684055841292
0.64684055841292
1.14684055841292
-0.453159441587079
-0.15315944158708
0.34684055841292
-0.75315944158708
-2.55315944158708
-3.45315944158708
-4.45315944158708
-5.20315944158708
-5.95315944158708
-5.55315944158708
-6.25315944158708
-5.45315944158708
-4.25315944158708
-2.45315944158708
-1.35315944158708
-0.15315944158708
0.84684055841292
1.74684055841292
2.04684055841292
2.34684055841292
2.54684055841292
2.54684055841292
2.74684055841292
3.04684055841292
2.34684055841292
0.24684055841292
-0.453159441587079
-0.553159441587079
-1.95315944158708
-2.65315944158708
-3.05315944158708
-3.60315944158708
-4.15315944158708
-4.15315944158708
-4.65315944158708
-4.85315944158708
-3.75315944158708
-3.15315944158708
-2.25315944158708
-1.95315944158708
-0.85315944158708
-0.85315944158708
-0.0531594415870789
0.546840558412921
0.34684055841292
0.14684055841292
0.24684055841292
0.84684055841292
0.64684055841292
-0.35315944158708
-0.15315944158708
-0.953159441587079
-1.75315944158708
-3.35315944158708
-4.45315944158708
-4.75315944158708
-5.05315944158708
-5.15315944158708
-5.75315944158708
-6.75315944158708
-6.55315944158708
-4.45315944158708
-2.85315944158708
-1.95315944158708
-0.85315944158708
0.34684055841292
1.54684055841292
1.94684055841292
2.34684055841292
3.04684055841292
3.37184055841292
3.34684055841292
2.94684055841292
2.34684055841292
1.94684055841292
0.74684055841292
-0.75315944158708
-2.55315944158708
-2.85315944158708
-2.60315944158708
-2.35315944158708
-3.15315944158708
-3.35315944158708
-3.27815944158708
-3.35315944158708
-2.95315944158708
-2.55315944158708
-2.75315944158708
-2.45315944158708
-1.95315944158708
-1.65315944158708
-1.25315944158708
-0.75315944158708
-0.453159441587079
0.74684055841292
1.24684055841292
1.04684055841292
1.24684055841292
0.84684055841292
0.546840558412921
-0.0531594415870789
-0.553159441587079
-0.75315944158708
-1.15315944158708
-1.55315944158708
-1.65315944158708
-1.95315944158708
-2.55315944158708
-2.55315944158708
-2.15315944158708
-1.15315944158708
-0.553159441587079
0.64684055841292
1.54684055841292
2.74684055841292
3.14684055841292
3.37184055841292
3.37184055841292
3.27184055841292
4.14684055841292
4.94684055841292
4.84684055841292
4.34684055841292
3.24684055841292
2.64684055841292
1.74684055841292
1.44684055841292
0.0468405584129208
-1.35315944158708
-2.25315944158708
-2.45315944158708
-2.45315944158708
-2.45315944158708
-0.65315944158708
1.44684055841292
3.84684055841292
6.14684055841292
6.04684055841292
6.74684055841292
8.24684055841292
7.14684055841292
5.24684055841292
4.84684055841292
4.64684055841292
4.54684055841292
3.54684055841292
3.37184055841292
3.44684055841292
2.34684055841292
2.24684055841292
2.54684055841292
2.19684055841292
1.84684055841292
1.54684055841292
1.64684055841292
1.04684055841292
0.946840558412921
0.74684055841292
0.64684055841292
0.74684055841292
0.946840558412921
2.24684055841292
2.24684055841292
2.24684055841292
2.94684055841292
3.27184055841292
3.27184055841292
5.24684055841292
5.44684055841292
4.84684055841292
3.94684055841292
2.84684055841292
1.34684055841292
0.34684055841292
-0.15315944158708
-0.553159441587079
-0.953159441587079
-0.35315944158708
-0.25315944158708
-0.65315944158708
-0.25315944158708
0.34684055841292
0.546840558412921
-0.85315944158708
-0.453159441587079
0.24684055841292
0.74684055841292
0.446840558412921
1.24684055841292
1.24684055841292
1.84684055841292
2.14684055841292
2.24684055841292
1.94684055841292
1.34684055841292
1.04684055841292
-0.25315944158708
-1.15315944158708
-1.85315944158708
-2.25315944158708
-2.65315944158708
-2.85315944158708
-3.35315944158708
-2.45315944158708
-2.15315944158708
-1.85315944158708
-1.35315944158708
-0.65315944158708
0.0468405584129208
0.946840558412921
1.34684055841292
1.74684055841292
2.54684055841292
2.14684055841292
2.44684055841292
2.14684055841292
2.54684055841292
1.64684055841292
1.54684055841292
0.74684055841292
-0.553159441587079
-1.05315944158708
-1.55315944158708
-1.55315944158708
-1.55315944158708
-1.85315944158708
-2.15315944158708
-2.25315944158708
-2.05315944158708
-1.75315944158708
-1.25315944158708
-0.85315944158708
-0.15315944158708
-0.953159441587079
-0.453159441587079
-0.65315944158708
0.0468405584129208
0.34684055841292
0.946840558412921
1.24684055841292
2.84684055841292
3.44684055841292
3.24684055841292
2.04684055841292
-0.15315944158708
-1.55315944158708
-2.65315944158708
-1.75315944158708
-0.85315944158708
-0.0531594415870789
0.0468405584129208
0.34684055841292
0.24684055841292
0.446840558412921
1.14684055841292
1.74684055841292
1.24684055841292
1.84684055841292
2.54684055841292
4.84684055841292
5.64684055841292
6.04684055841292
6.04684055841292
6.34684055841292
5.14684055841292
5.64684055841292
5.14684055841292
3.94684055841292
2.74684055841292
1.14684055841292
0.64684055841292
-0.35315944158708
-1.35315944158708
-1.75315944158708
-2.25315944158708
-1.55315944158708
-1.05315944158708
-0.35315944158708
0.34684055841292
0.946840558412921
1.54684055841292
1.84684055841292
2.64684055841292
3.27184055841292
4.04684055841292
4.44684055841292
4.84684055841292
3.27184055841292
3.37184055841292
3.84684055841292
3.04684055841292
2.34684055841292
1.14684055841292
0.0468405584129208
-1.15315944158708
-1.25315944158708
-1.35315944158708
-0.0531594415870789
-0.553159441587079
-1.65315944158708
-2.55315944158708
-3.45315944158708
-3.35315944158708
-2.75315944158708
-2.05315944158708
-1.75315944158708
-0.65315944158708
-0.15315944158708
0.84684055841292
2.14684055841292
2.44684055841292
2.34684055841292
2.64684055841292
1.94684055841292
1.44684055841292
-0.0531594415870789
-0.953159441587079
-1.55315944158708
-2.45315944158708
-2.80315944158708
-3.15315944158708
-2.75315944158708
-3.45315944158708
-2.45315944158708
-1.85315944158708
-1.15315944158708
-0.75315944158708
-0.553159441587079
0.14684055841292
-0.0531594415870789
0.34684055841292
1.14684055841292
2.24684055841292
2.24684055841292
2.74684055841292
3.04684055841292
3.14684055841292
2.74684055841292
1.74684055841292
0.64684055841292
-0.15315944158708
-1.55315944158708
-1.85315944158708
-1.95315944158708
-2.05315944158708
-2.15315944158708
-2.55315944158708
-3.15315944158708
-2.95315944158708
-1.55315944158708
0.34684055841292
2.04684055841292
3.44684055841292
3.84684055841292
5.44684055841292
5.24684055841292
3.54684055841292
3.27184055841292
4.74684055841292
5.54684055841292
5.24684055841292
5.34684055841292
4.64684055841292
3.27184055841292
1.24684055841292
-0.25315944158708
-0.553159441587079
-1.40315944158708
-2.25315944158708
-2.95315944158708
-3.25315944158708
-3.27815944158708
-2.65315944158708
-0.553159441587079
1.74684055841292
3.04684055841292
3.44684055841292
3.94684055841292
4.34684055841292
4.64684055841292
4.14684055841292
3.84684055841292
3.27184055841292
3.37184055841292
4.34684055841292
3.37184055841292
3.04684055841292
2.64684055841292
2.54684055841292
2.34684055841292
2.24684055841292
1.99684055841292
1.74684055841292
1.44684055841292
1.54684055841292
1.54684055841292
1.44684055841292
1.64684055841292
1.74684055841292
2.04684055841292
2.44684055841292
2.74684055841292
3.27184055841292
4.64684055841292
4.94684055841292
5.74684055841292
5.84684055841292
7.14684055841292
7.54684055841292
7.34684055841292
6.84684055841292
6.04684055841292
4.34684055841292
2.44684055841292
0.84684055841292
0.24684055841292
-0.35315944158708
-0.75315944158708
-1.05315944158708
-2.25315944158708
-1.75315944158708
-0.0531594415870789
-0.15315944158708
-0.25315944158708
0.14684055841292
0.84684055841292
2.14684055841292
4.64684055841292
7.14684055841292
8.64684055841292
9.44684055841292
8.74684055841292
7.84684055841292
5.14684055841292
4.24684055841292
2.54684055841292
1.04684055841292
0.0468405584129208
-0.65315944158708
-1.10315944158708
-1.55315944158708
-1.85315944158708
-2.25315944158708
-2.45315944158708
-2.65315944158708
-2.05315944158708
-0.953159441587079
-0.553159441587079
0.0468405584129208
0.546840558412921
0.84684055841292
0.946840558412921
1.04684055841292
-0.15315944158708
-1.35315944158708
-1.65315944158708
-1.55315944158708
-1.95315944158708
-2.45315944158708
-2.45315944158708
-2.25315944158708
-2.65315944158708
-2.55315944158708
-2.40315944158708
-2.25315944158708
-1.95315944158708
-2.55315944158708
-2.65315944158708
-2.75315944158708
-2.65315944158708
-2.45315944158708
-1.75315944158708
-0.75315944158708
-0.553159441587079
0.34684055841292
-0.553159441587079
0.84684055841292
0.84684055841292
-0.0531594415870789
0.24684055841292
-0.35315944158708
-0.15315944158708
-0.65315944158708
-1.35315944158708
-2.35315944158708
-2.45315944158708
-3.55315944158708
-3.85315944158708
-4.15315944158708
-4.85315944158708
-4.55315944158708
-5.15315944158708
-4.25315944158708
-3.35315944158708
-2.15315944158708
-1.35315944158708
-0.15315944158708
-0.75315944158708
-0.75315944158708
1.74684055841292
2.34684055841292
2.14684055841292
2.44684055841292
3.14684055841292
2.34684055841292
1.44684055841292
1.84684055841292
1.44684055841292
-0.553159441587079
-0.553159441587079
-1.65315944158708
-2.90315944158708
-4.15315944158708
-4.25315944158708
-4.65315944158708
-5.15315944158708
-3.75315944158708
-2.45315944158708
-0.85315944158708
0.0468405584129208
-0.15315944158708
-0.453159441587079
-0.553159441587079
-0.65315944158708
0.14684055841292
0.546840558412921
0.64684055841292
1.14684055841292
0.546840558412921
0.14684055841292
0.0468405584129208
0.0468405584129208
-0.0531594415870789
-0.0531594415870789
-0.15315944158708
-0.203159441587081
-0.25315944158708
-0.15315944158708
0.14684055841292
0.34684055841292
0.446840558412921
0.64684055841292
0.84684055841292
0.946840558412921
1.24684055841292
1.44684055841292
1.54684055841292
1.94684055841292
2.44684055841292
2.54684055841292
2.94684055841292
2.94684055841292
2.74684055841292
3.44684055841292
3.34684055841292
2.54684055841292
1.74684055841292
0.946840558412921
-0.25315944158708
-0.75315944158708
-1.25315944158708
-1.85315944158708
-1.85315944158708
-2.25315944158708
-2.25315944158708
-1.65315944158708
-0.85315944158708
-0.25315944158708
0.446840558412921
1.54684055841292
2.24684055841292
2.94684055841292
3.34684055841292
3.27184055841292
4.04684055841292
4.24684055841292
4.64684055841292
4.24684055841292
3.94684055841292
3.24684055841292
1.94684055841292
-0.65315944158708
-2.35315944158708
-3.20315944158708
-4.05315944158708
-2.75315944158708
-4.05315944158708
-4.35315944158708
-2.05315944158708
0.34684055841292
1.24684055841292
1.84684055841292
2.84684055841292
3.27184055841292
4.24684055841292
5.64684055841292
6.14684055841292
5.14684055841292
3.04684055841292
3.27184055841292
4.24684055841292
4.14684055841292
3.37184055841292
2.84684055841292
1.94684055841292
1.64684055841292
1.54684055841292
1.64684055841292
1.74684055841292
1.94684055841292
2.34684055841292
2.74684055841292
2.94684055841292
2.64684055841292
2.74684055841292
2.74684055841292
2.64684055841292
2.44684055841292
3.44684055841292
4.14684055841292
4.54684055841292
5.34684055841292
5.74684055841292
6.04684055841292
5.74684055841292
4.84684055841292
4.14684055841292
3.14684055841292
1.74684055841292
0.64684055841292
0.14684055841292
0.0468405584129208
-0.0531594415870789
-0.953159441587079
-1.35315944158708
-0.85315944158708
-0.65315944158708
-0.75315944158708
-0.65315944158708
-0.453159441587079
0.0468405584129208
0.84684055841292
1.94684055841292
2.44684055841292
3.54684055841292
3.84684055841292
4.04684055841292
3.84684055841292
3.44684055841292
2.94684055841292
2.44684055841292
1.54684055841292
0.64684055841292
-0.25315944158708
-0.75315944158708
-1.05315944158708
-1.35315944158708
-1.85315944158708
-1.55315944158708
-1.65315944158708
-1.75315944158708
-1.35315944158708
-0.65315944158708
0.0468405584129208
0.946840558412921
1.84684055841292
3.04684055841292
3.37184055841292
4.24684055841292
4.64684055841292
4.84684055841292
4.94684055841292
4.84684055841292
4.54684055841292
3.84684055841292
3.14684055841292
1.84684055841292
0.64684055841292
-2.15315944158708
-3.50315944158708
-4.85315944158708
-5.85315944158708
-6.25315944158708
-6.75315944158708
-5.55315944158708
-1.35315944158708
1.84684055841292
2.84684055841292
3.94684055841292
4.84684055841292
5.04684055841292
5.64684055841292
5.94684055841292
6.24684055841292
6.74684055841292
7.04684055841292
7.24684055841292
7.24684055841292
6.74684055841292
5.34684055841292
3.34684055841292
2.64684055841292
3.04684055841292
3.84684055841292
4.64684055841292
4.44684055841292
4.04684055841292
3.34684055841292
3.84684055841292
4.24684055841292
